    10.000      0.38798E-03
    10.900      0.80396E-01
    11.800      0.22620    
    12.700      0.34857    
    13.600      0.42099    
    14.500      0.46724    
    15.400      0.49668    
    16.300      0.51364    
    17.200      0.52298    
    18.100      0.53007    
    19.000      0.53717    
    19.900      0.55065    
    20.800      0.56370    
    21.700      0.57600    
    22.600      0.59194    
    23.500      0.61021    
    24.400      0.62736    
    25.300      0.64709    
    26.200      0.66651    
    27.100      0.68453    
    28.000      0.70080    
    28.900      0.71058    
    29.800      0.71941    
    30.700      0.72776    
    31.600      0.73569    
    32.500      0.74321    
    33.400      0.75036    
    34.300      0.75706    
    35.200      0.76208    
    36.100      0.76666    
    37.000      0.77105    
    37.900      0.77527    
    38.800      0.77933    
    39.700      0.78627    
    40.600      0.79451    
    41.500      0.80230    
    42.400      0.80962    
    43.300      0.81625    
    44.200      0.82251    
    45.100      0.82841    
    46.000      0.83342    
    46.900      0.83787    
    47.800      0.84213    
    48.700      0.84469    
    49.600      0.39988    
    50.500      0.10579    
    51.400      0.11344    
    52.300      0.10191    
    53.200      0.98789E-01
    54.100      0.92517E-01
    55.000      0.70258E-01
    55.900      0.59679E-01
    56.800      0.54694E-01
    57.700      0.49976E-01
    58.600      0.44740E-01
    59.500      0.39145E-01
    60.400      0.34127E-01
    61.300      0.28323E-01
    62.200      0.22863E-01
    63.100      0.18252E-01
    64.000      0.14427E-01
    64.900      0.11288E-01
    65.800      0.86920E-02
    66.700      0.65509E-02
    67.600      0.48324E-02
    68.500      0.35149E-02
    69.400      0.27198E-02
    70.300      0.22502E-02
    71.200      0.20426E-02
    72.100      0.20927E-02
    73.000      0.24665E-02
    73.900      0.33884E-02
    74.800      0.46540E-02
    75.700      0.61621E-02
    76.600      0.76579E-02
    77.500      0.81672E-02
    78.400      0.81449E-02
    79.300      0.78838E-02
    80.200      0.75094E-02
    81.100      0.71531E-02
    82.000      0.68142E-02
    82.900      0.64918E-02
    83.800      0.61849E-02
    84.700      0.58930E-02
    85.600      0.56151E-02
    86.500      0.53507E-02
    87.400      0.50990E-02
    88.300      0.48594E-02
    89.200      0.44223E-02
    90.100      0.44319E-02
    91.000      0.45717E-02
    91.900      0.47137E-02
    92.800      0.48577E-02
    93.700      0.50039E-02
    94.600      0.51522E-02
    95.500      0.53439E-02
    96.400      0.56290E-02
    97.300      0.60950E-02
    98.200      0.66889E-02
    99.100      0.73221E-02
    100.00      0.72908E-02