1.778900000000000000e+04
1.764700000000000000e+04
1.751800000000000000e+04
1.726600000000000000e+04
1.766400000000000000e+04
1.753900000000000000e+04
1.752400000000000000e+04
1.748700000000000000e+04
1.833300000000000000e+04
1.833200000000000000e+04
1.724300000000000000e+04
1.717700000000000000e+04
1.723700000000000000e+04
1.714100000000000000e+04
1.744500000000000000e+04
1.748900000000000000e+04
1.725800000000000000e+04
1.719700000000000000e+04
1.731100000000000000e+04
1.711700000000000000e+04
1.748500000000000000e+04
1.753200000000000000e+04
1.700900000000000000e+04
1.705100000000000000e+04
1.750600000000000000e+04
1.743900000000000000e+04
1.680800000000000000e+04
1.668800000000000000e+04
1.705900000000000000e+04
1.695500000000000000e+04
1.727600000000000000e+04
1.712500000000000000e+04
1.661300000000000000e+04
1.664000000000000000e+04
1.667000000000000000e+04
1.652800000000000000e+04
1.655300000000000000e+04
1.658600000000000000e+04
1.698500000000000000e+04
1.696500000000000000e+04
1.742700000000000000e+04
1.736000000000000000e+04
1.705600000000000000e+04
1.672700000000000000e+04
1.659500000000000000e+04
1.667500000000000000e+04
1.714900000000000000e+04
1.699600000000000000e+04
1.683400000000000000e+04
1.684300000000000000e+04
1.687400000000000000e+04
1.677100000000000000e+04
1.628600000000000000e+04
1.636200000000000000e+04
1.713800000000000000e+04
1.706200000000000000e+04
1.726400000000000000e+04
1.749200000000000000e+04
1.686500000000000000e+04
1.676000000000000000e+04
1.701000000000000000e+04
1.704400000000000000e+04
1.721600000000000000e+04
1.719700000000000000e+04
1.736100000000000000e+04
1.726500000000000000e+04
1.721800000000000000e+04
1.700200000000000000e+04
1.650000000000000000e+04
1.652100000000000000e+04
1.656000000000000000e+04
1.656600000000000000e+04
1.711300000000000000e+04
1.706100000000000000e+04
1.688600000000000000e+04
1.671000000000000000e+04
1.736300000000000000e+04
1.730300000000000000e+04
1.751700000000000000e+04
1.747800000000000000e+04
1.685200000000000000e+04
1.674900000000000000e+04
1.690300000000000000e+04
1.686300000000000000e+04
1.718500000000000000e+04
1.719400000000000000e+04
1.674700000000000000e+04
1.682200000000000000e+04
1.746200000000000000e+04
1.739600000000000000e+04
1.731500000000000000e+04
1.726200000000000000e+04
1.718700000000000000e+04
1.701500000000000000e+04
1.694200000000000000e+04
1.690600000000000000e+04
1.707700000000000000e+04
1.697300000000000000e+04
1.759300000000000000e+04
1.743800000000000000e+04
1.730800000000000000e+04
1.717600000000000000e+04
1.750700000000000000e+04
1.755700000000000000e+04
1.740700000000000000e+04
1.737900000000000000e+04
1.754600000000000000e+04
1.756900000000000000e+04
1.702300000000000000e+04
1.704300000000000000e+04
1.729200000000000000e+04
1.731500000000000000e+04
1.705000000000000000e+04
1.695300000000000000e+04
1.721200000000000000e+04
1.728700000000000000e+04
1.706200000000000000e+04
1.715300000000000000e+04
1.650300000000000000e+04
1.645100000000000000e+04
1.707300000000000000e+04
1.697100000000000000e+04
1.750500000000000000e+04
1.747400000000000000e+04
1.728300000000000000e+04
1.736900000000000000e+04
1.733300000000000000e+04
1.736900000000000000e+04
1.747800000000000000e+04
1.762100000000000000e+04
1.738800000000000000e+04
1.721400000000000000e+04
1.767100000000000000e+04
1.756900000000000000e+04
1.743100000000000000e+04
1.755600000000000000e+04
1.797600000000000000e+04
1.792400000000000000e+04
1.741300000000000000e+04
1.730000000000000000e+04
1.698200000000000000e+04
1.705800000000000000e+04
1.763500000000000000e+04
1.751900000000000000e+04
1.751700000000000000e+04
1.742100000000000000e+04
1.801200000000000000e+04
1.822700000000000000e+04
1.766500000000000000e+04
1.769300000000000000e+04
1.752800000000000000e+04
1.747400000000000000e+04
1.716500000000000000e+04
1.725700000000000000e+04
1.779200000000000000e+04
1.778800000000000000e+04
1.757400000000000000e+04
1.746800000000000000e+04
1.783900000000000000e+04
1.787600000000000000e+04
1.782100000000000000e+04
1.779100000000000000e+04
1.796200000000000000e+04
1.784200000000000000e+04
1.809800000000000000e+04
1.796900000000000000e+04
1.735100000000000000e+04
1.742900000000000000e+04
1.757200000000000000e+04
1.749000000000000000e+04
1.772000000000000000e+04
1.783800000000000000e+04
1.814700000000000000e+04
1.818600000000000000e+04
1.816400000000000000e+04
1.790400000000000000e+04
1.841600000000000000e+04
1.824700000000000000e+04
1.747100000000000000e+04
1.738500000000000000e+04
1.768000000000000000e+04
1.771400000000000000e+04
1.753700000000000000e+04
1.761200000000000000e+04
1.801300000000000000e+04
1.810000000000000000e+04
1.849500000000000000e+04
1.843700000000000000e+04
1.825900000000000000e+04
1.830900000000000000e+04
1.873100000000000000e+04
1.844400000000000000e+04
1.801200000000000000e+04
1.812600000000000000e+04
1.897800000000000000e+04
1.897900000000000000e+04
1.927100000000000000e+04
1.906800000000000000e+04
1.925400000000000000e+04
1.939400000000000000e+04
1.951400000000000000e+04
1.949600000000000000e+04
1.933500000000000000e+04
1.921100000000000000e+04
1.922800000000000000e+04
1.913400000000000000e+04
1.967100000000000000e+04
1.961300000000000000e+04
2.004900000000000000e+04
1.993300000000000000e+04
1.972800000000000000e+04
1.976400000000000000e+04
2.016700000000000000e+04
1.995800000000000000e+04
2.041400000000000000e+04
2.040600000000000000e+04
2.063900000000000000e+04
2.069700000000000000e+04
2.107500000000000000e+04
2.118700000000000000e+04
2.130300000000000000e+04
2.135100000000000000e+04
2.174900000000000000e+04
2.196300000000000000e+04
2.249800000000000000e+04
2.244400000000000000e+04
2.343600000000000000e+04
2.374300000000000000e+04
2.377900000000000000e+04
2.425000000000000000e+04
2.431100000000000000e+04
2.476400000000000000e+04
2.529800000000000000e+04
2.546800000000000000e+04
2.608700000000000000e+04
2.635000000000000000e+04
2.665700000000000000e+04
2.706800000000000000e+04
2.773100000000000000e+04
2.783600000000000000e+04
2.774500000000000000e+04
2.751000000000000000e+04
2.777300000000000000e+04
2.785000000000000000e+04
2.827200000000000000e+04
2.843200000000000000e+04
2.866800000000000000e+04
2.894300000000000000e+04
2.926700000000000000e+04
2.942700000000000000e+04
3.004800000000000000e+04
3.035000000000000000e+04
3.067600000000000000e+04
3.077700000000000000e+04
3.165200000000000000e+04
3.172200000000000000e+04
3.133700000000000000e+04
3.153900000000000000e+04
3.218600000000000000e+04
3.237000000000000000e+04
3.260800000000000000e+04
3.296300000000000000e+04
3.387400000000000000e+04
3.414500000000000000e+04
3.465500000000000000e+04
3.482700000000000000e+04
3.558200000000000000e+04
3.586600000000000000e+04
3.564200000000000000e+04
3.579900000000000000e+04
3.657900000000000000e+04
3.709600000000000000e+04
3.768900000000000000e+04
3.808800000000000000e+04
3.895800000000000000e+04
3.950800000000000000e+04
3.998000000000000000e+04
4.043500000000000000e+04
4.089500000000000000e+04
4.140800000000000000e+04
4.204300000000000000e+04
4.200400000000000000e+04
4.190900000000000000e+04
4.209500000000000000e+04
4.332000000000000000e+04
4.391400000000000000e+04
4.419200000000000000e+04
4.455300000000000000e+04
4.535200000000000000e+04
4.586800000000000000e+04
4.640100000000000000e+04
4.701900000000000000e+04
4.763900000000000000e+04
4.861900000000000000e+04
4.963800000000000000e+04
5.076800000000000000e+04
5.232700000000000000e+04
5.397400000000000000e+04
5.566800000000000000e+04
5.773100000000000000e+04
5.990900000000000000e+04
6.196300000000000000e+04
6.330100000000000000e+04
6.553200000000000000e+04
6.752400000000000000e+04
6.870900000000000000e+04
6.911500000000000000e+04
7.005600000000000000e+04
7.112100000000000000e+04
7.166700000000000000e+04
7.143300000000000000e+04
7.141000000000000000e+04
7.168100000000000000e+04
7.122000000000000000e+04
7.101900000000000000e+04
7.047400000000000000e+04
6.973200000000000000e+04
6.987600000000000000e+04
7.064100000000000000e+04
7.115000000000000000e+04
7.160100000000000000e+04
7.239100000000000000e+04
7.351700000000000000e+04
7.446600000000000000e+04
7.555100000000000000e+04
7.676400000000000000e+04
7.850400000000000000e+04
7.983700000000000000e+04
8.175800000000000000e+04
8.390600000000000000e+04
8.600500000000000000e+04
8.793900000000000000e+04
8.941700000000000000e+04
9.149300000000000000e+04
9.362300000000000000e+04
9.558800000000000000e+04
9.727000000000000000e+04
9.840400000000000000e+04
9.977100000000000000e+04
1.005060000000000000e+05
1.011970000000000000e+05
1.018850000000000000e+05
1.024010000000000000e+05
1.031960000000000000e+05
1.040860000000000000e+05
1.044510000000000000e+05
1.043160000000000000e+05
1.042910000000000000e+05
1.052150000000000000e+05
1.060300000000000000e+05
1.065990000000000000e+05
1.082230000000000000e+05
1.104590000000000000e+05
1.126150000000000000e+05
1.158810000000000000e+05
1.192790000000000000e+05
1.225910000000000000e+05
1.266960000000000000e+05
1.299770000000000000e+05
1.332120000000000000e+05
1.367870000000000000e+05
1.400630000000000000e+05
1.441400000000000000e+05
1.468900000000000000e+05
1.492710000000000000e+05
1.514720000000000000e+05
1.538350000000000000e+05
1.550490000000000000e+05
1.562260000000000000e+05
1.571520000000000000e+05
1.573880000000000000e+05
1.580590000000000000e+05
1.593780000000000000e+05
1.608920000000000000e+05
1.635020000000000000e+05
1.664240000000000000e+05
1.699060000000000000e+05
1.726290000000000000e+05
1.751900000000000000e+05
1.778440000000000000e+05
1.822170000000000000e+05
1.850850000000000000e+05
1.873420000000000000e+05
1.892170000000000000e+05
1.905880000000000000e+05
1.916210000000000000e+05
1.929950000000000000e+05
1.926310000000000000e+05
1.933210000000000000e+05
1.926090000000000000e+05
1.937980000000000000e+05
1.958000000000000000e+05
1.985110000000000000e+05
2.017350000000000000e+05
2.047640000000000000e+05
2.082170000000000000e+05
2.128490000000000000e+05
2.177400000000000000e+05
2.245070000000000000e+05
2.307280000000000000e+05
2.364030000000000000e+05
2.414780000000000000e+05
2.460460000000000000e+05
2.498330000000000000e+05
2.529150000000000000e+05
2.541460000000000000e+05
2.565930000000000000e+05
2.581320000000000000e+05
2.603330000000000000e+05
2.614750000000000000e+05
2.629120000000000000e+05
2.643510000000000000e+05
2.668840000000000000e+05
2.688600000000000000e+05
2.727510000000000000e+05
2.761160000000000000e+05
2.813340000000000000e+05
2.857560000000000000e+05
2.899900000000000000e+05
2.934170000000000000e+05
2.973090000000000000e+05
3.014720000000000000e+05
3.058580000000000000e+05
3.087000000000000000e+05
3.132940000000000000e+05
3.194910000000000000e+05
3.266290000000000000e+05
3.316210000000000000e+05
3.360840000000000000e+05
3.362960000000000000e+05
3.381090000000000000e+05
3.368780000000000000e+05
3.353680000000000000e+05
3.333520000000000000e+05
3.318280000000000000e+05
3.293820000000000000e+05
3.281900000000000000e+05
3.271570000000000000e+05
3.268420000000000000e+05
3.260760000000000000e+05
3.278370000000000000e+05
3.299290000000000000e+05
3.332060000000000000e+05
3.353820000000000000e+05
3.382620000000000000e+05
3.402160000000000000e+05
3.446650000000000000e+05
3.475440000000000000e+05
3.525290000000000000e+05
3.574230000000000000e+05
3.637920000000000000e+05
3.683890000000000000e+05
3.728690000000000000e+05
3.759710000000000000e+05
3.801210000000000000e+05
3.809910000000000000e+05
3.834080000000000000e+05
3.857230000000000000e+05
3.891410000000000000e+05
3.923380000000000000e+05
3.958510000000000000e+05
3.964720000000000000e+05
3.965000000000000000e+05
3.939650000000000000e+05
3.935500000000000000e+05
3.893510000000000000e+05
3.865850000000000000e+05
3.824520000000000000e+05
3.787270000000000000e+05
3.751700000000000000e+05
3.722570000000000000e+05
3.687120000000000000e+05
3.678500000000000000e+05
3.677730000000000000e+05
3.720840000000000000e+05
3.760460000000000000e+05
3.808380000000000000e+05
3.845890000000000000e+05
3.881800000000000000e+05
3.884510000000000000e+05
3.901960000000000000e+05
3.905570000000000000e+05
3.934800000000000000e+05
3.951920000000000000e+05
3.991360000000000000e+05
4.015560000000000000e+05
4.052250000000000000e+05
4.088470000000000000e+05
4.137010000000000000e+05
4.153870000000000000e+05
4.201990000000000000e+05
4.235770000000000000e+05
4.267140000000000000e+05
4.303910000000000000e+05
4.333760000000000000e+05
4.350210000000000000e+05
4.387750000000000000e+05
4.400610000000000000e+05
4.441590000000000000e+05
4.455450000000000000e+05
4.497620000000000000e+05
4.526910000000000000e+05
4.574250000000000000e+05
4.586430000000000000e+05
4.613860000000000000e+05
4.616290000000000000e+05
4.655640000000000000e+05
4.665280000000000000e+05
4.706540000000000000e+05
4.734120000000000000e+05
4.747740000000000000e+05
4.755050000000000000e+05
4.770610000000000000e+05
4.751910000000000000e+05
4.755450000000000000e+05
4.733490000000000000e+05
4.725660000000000000e+05
4.699400000000000000e+05
4.683430000000000000e+05
4.658220000000000000e+05
4.666810000000000000e+05
4.644940000000000000e+05
4.645630000000000000e+05
4.628100000000000000e+05
4.627980000000000000e+05
4.630010000000000000e+05
4.646120000000000000e+05
4.645780000000000000e+05
4.668730000000000000e+05
4.670720000000000000e+05
4.730210000000000000e+05
4.759280000000000000e+05
4.821840000000000000e+05
4.891790000000000000e+05
4.973780000000000000e+05
5.042040000000000000e+05
5.128100000000000000e+05
5.187830000000000000e+05
5.264440000000000000e+05
5.295170000000000000e+05
5.342990000000000000e+05
5.342770000000000000e+05
5.335600000000000000e+05
5.310360000000000000e+05
5.287240000000000000e+05
5.202980000000000000e+05
5.151390000000000000e+05
5.052970000000000000e+05
4.994170000000000000e+05
4.913250000000000000e+05
4.851130000000000000e+05
4.764600000000000000e+05
4.700150000000000000e+05
4.621950000000000000e+05
4.568560000000000000e+05
4.516760000000000000e+05
4.496760000000000000e+05
4.493770000000000000e+05
4.521550000000000000e+05
4.535840000000000000e+05
4.573970000000000000e+05
4.578960000000000000e+05
4.586500000000000000e+05
4.557630000000000000e+05
4.560600000000000000e+05
4.532850000000000000e+05
4.519790000000000000e+05
4.503390000000000000e+05
4.488030000000000000e+05
4.456030000000000000e+05
4.427140000000000000e+05
4.382560000000000000e+05
4.352040000000000000e+05
4.306340000000000000e+05
4.276070000000000000e+05
4.226290000000000000e+05
4.170330000000000000e+05
4.085980000000000000e+05
4.022220000000000000e+05
3.929120000000000000e+05
3.870250000000000000e+05
3.788730000000000000e+05
3.710290000000000000e+05
3.631670000000000000e+05
3.556530000000000000e+05
3.482230000000000000e+05
3.423480000000000000e+05
3.352060000000000000e+05
3.279990000000000000e+05
3.197790000000000000e+05
3.129630000000000000e+05
3.052620000000000000e+05
2.984310000000000000e+05
2.901960000000000000e+05
2.826880000000000000e+05
2.741520000000000000e+05
2.668740000000000000e+05
2.584850000000000000e+05
2.497600000000000000e+05
2.398860000000000000e+05
2.295840000000000000e+05
2.170000000000000000e+05
2.047090000000000000e+05
1.917060000000000000e+05
1.789670000000000000e+05
1.660500000000000000e+05
1.542630000000000000e+05
1.426840000000000000e+05
1.325270000000000000e+05
1.222620000000000000e+05
1.120010000000000000e+05
1.021260000000000000e+05
9.449900000000000000e+04
8.653400000000000000e+04
7.914800000000000000e+04
7.309500000000000000e+04
6.786700000000000000e+04
6.292600000000000000e+04
5.912900000000000000e+04
5.536800000000000000e+04
5.200200000000000000e+04
4.917300000000000000e+04
4.623700000000000000e+04
4.378100000000000000e+04
4.167800000000000000e+04
3.986900000000000000e+04
3.825500000000000000e+04
3.667200000000000000e+04
3.632500000000000000e+04
3.497900000000000000e+04
3.399000000000000000e+04
3.291300000000000000e+04
3.279600000000000000e+04
3.199700000000000000e+04
3.133800000000000000e+04
3.063400000000000000e+04
3.064200000000000000e+04
3.023100000000000000e+04
2.944100000000000000e+04
2.895200000000000000e+04
2.877900000000000000e+04
2.831200000000000000e+04
2.834300000000000000e+04
2.796200000000000000e+04
2.756100000000000000e+04
2.710100000000000000e+04
2.699800000000000000e+04
2.639800000000000000e+04
2.599200000000000000e+04
2.573200000000000000e+04
2.595500000000000000e+04
2.569500000000000000e+04
2.519300000000000000e+04
2.507100000000000000e+04
2.598600000000000000e+04
2.558400000000000000e+04
2.529400000000000000e+04
2.524300000000000000e+04
2.482900000000000000e+04
2.456700000000000000e+04
2.423800000000000000e+04
2.419900000000000000e+04
2.404400000000000000e+04
2.382100000000000000e+04
2.431300000000000000e+04
2.413200000000000000e+04
2.424100000000000000e+04
2.397500000000000000e+04
2.406900000000000000e+04
2.378300000000000000e+04
2.352600000000000000e+04
2.331000000000000000e+04
2.341200000000000000e+04
2.322500000000000000e+04
2.372100000000000000e+04
2.337100000000000000e+04
2.328600000000000000e+04
2.317200000000000000e+04
2.288100000000000000e+04
2.278300000000000000e+04
2.315600000000000000e+04
2.286300000000000000e+04
2.307100000000000000e+04
2.290400000000000000e+04
2.283700000000000000e+04
2.273800000000000000e+04
2.240500000000000000e+04
2.241400000000000000e+04
2.274100000000000000e+04
2.253900000000000000e+04
2.264200000000000000e+04
2.239000000000000000e+04
2.222400000000000000e+04
2.193100000000000000e+04
2.243200000000000000e+04
2.260200000000000000e+04
2.304400000000000000e+04
2.272900000000000000e+04
2.219600000000000000e+04
2.221400000000000000e+04
2.224200000000000000e+04
2.211400000000000000e+04
2.198200000000000000e+04
2.207100000000000000e+04
2.176500000000000000e+04
2.157100000000000000e+04
2.183000000000000000e+04
2.182300000000000000e+04
2.237400000000000000e+04
2.219600000000000000e+04
2.220700000000000000e+04
2.207500000000000000e+04
2.176400000000000000e+04
2.173600000000000000e+04
2.153300000000000000e+04
2.133200000000000000e+04
2.186400000000000000e+04
2.174700000000000000e+04
2.162500000000000000e+04
2.131700000000000000e+04
2.181200000000000000e+04
2.164800000000000000e+04
2.184000000000000000e+04
2.152100000000000000e+04
2.186500000000000000e+04
2.179900000000000000e+04
2.166600000000000000e+04
2.162300000000000000e+04
2.161600000000000000e+04
2.120200000000000000e+04
2.160500000000000000e+04
2.152100000000000000e+04
2.141500000000000000e+04
2.114600000000000000e+04
2.128000000000000000e+04
2.119400000000000000e+04
2.091100000000000000e+04
2.092200000000000000e+04
2.081300000000000000e+04
2.074200000000000000e+04
2.114500000000000000e+04
2.089000000000000000e+04
2.106100000000000000e+04
2.108800000000000000e+04
2.066600000000000000e+04
2.050400000000000000e+04
2.094200000000000000e+04
2.076500000000000000e+04
2.062400000000000000e+04
2.048600000000000000e+04
2.096400000000000000e+04
2.078600000000000000e+04
2.132900000000000000e+04
2.101800000000000000e+04
2.086900000000000000e+04
2.077100000000000000e+04
2.017100000000000000e+04
2.020200000000000000e+04
2.056700000000000000e+04
2.059400000000000000e+04
2.071700000000000000e+04
2.062000000000000000e+04
2.062700000000000000e+04
2.056800000000000000e+04
2.064900000000000000e+04
2.052000000000000000e+04
2.065200000000000000e+04
2.060000000000000000e+04
2.035300000000000000e+04
2.035300000000000000e+04
2.032700000000000000e+04
2.015100000000000000e+04
2.023000000000000000e+04
1.984100000000000000e+04
2.114600000000000000e+04
2.099800000000000000e+04
2.026700000000000000e+04
2.023400000000000000e+04
2.077200000000000000e+04
2.061200000000000000e+04
2.041400000000000000e+04
2.017800000000000000e+04
2.068100000000000000e+04
2.067600000000000000e+04
2.030900000000000000e+04
2.036300000000000000e+04
2.048900000000000000e+04
2.027300000000000000e+04
2.070200000000000000e+04
2.052700000000000000e+04
2.014300000000000000e+04
1.994900000000000000e+04
2.029800000000000000e+04
2.024700000000000000e+04
2.043600000000000000e+04
2.024000000000000000e+04
2.011800000000000000e+04
2.002900000000000000e+04
1.993600000000000000e+04
1.982900000000000000e+04
2.051100000000000000e+04
2.050500000000000000e+04
1.986500000000000000e+04
1.978300000000000000e+04
1.984800000000000000e+04
1.966100000000000000e+04
2.003300000000000000e+04
1.987400000000000000e+04
2.026100000000000000e+04
2.002200000000000000e+04
2.033200000000000000e+04
2.010700000000000000e+04
2.054900000000000000e+04
2.029500000000000000e+04
2.051100000000000000e+04
2.048300000000000000e+04
1.980800000000000000e+04
1.979200000000000000e+04
2.021900000000000000e+04
2.000000000000000000e+04
1.951300000000000000e+04
1.950800000000000000e+04
1.995900000000000000e+04
1.994900000000000000e+04
1.997600000000000000e+04
1.989500000000000000e+04
2.012200000000000000e+04
1.996800000000000000e+04
1.940400000000000000e+04
1.947100000000000000e+04
1.929100000000000000e+04
1.910400000000000000e+04
1.941800000000000000e+04
1.927600000000000000e+04
1.941800000000000000e+04
1.946300000000000000e+04
1.997200000000000000e+04
1.972800000000000000e+04
1.987900000000000000e+04
1.965100000000000000e+04
1.955300000000000000e+04
1.942700000000000000e+04
1.966000000000000000e+04
1.954800000000000000e+04
1.963500000000000000e+04
1.960000000000000000e+04
2.013000000000000000e+04
1.988100000000000000e+04
2.007800000000000000e+04
2.005400000000000000e+04
1.926400000000000000e+04
1.915800000000000000e+04
1.901600000000000000e+04
1.890600000000000000e+04
1.881700000000000000e+04
1.861300000000000000e+04
1.964200000000000000e+04
1.961600000000000000e+04
1.955600000000000000e+04
1.950500000000000000e+04
2.003800000000000000e+04
1.995600000000000000e+04
1.949700000000000000e+04
1.939500000000000000e+04
1.951000000000000000e+04
1.937900000000000000e+04
1.913500000000000000e+04
1.925100000000000000e+04
1.995100000000000000e+04
1.991500000000000000e+04
1.922000000000000000e+04
1.918100000000000000e+04
1.971800000000000000e+04
1.946800000000000000e+04
1.930400000000000000e+04
1.923200000000000000e+04
1.880900000000000000e+04
1.874200000000000000e+04
1.931500000000000000e+04
1.918300000000000000e+04
1.939000000000000000e+04
1.919500000000000000e+04
1.896400000000000000e+04
1.889700000000000000e+04
1.946300000000000000e+04
1.933000000000000000e+04
1.928500000000000000e+04
1.924100000000000000e+04
1.839800000000000000e+04
1.832000000000000000e+04
1.933300000000000000e+04
1.918000000000000000e+04
1.909100000000000000e+04
1.903400000000000000e+04
1.931200000000000000e+04
1.932300000000000000e+04
1.881600000000000000e+04
1.879000000000000000e+04
1.892000000000000000e+04
1.876900000000000000e+04
1.878100000000000000e+04
1.862200000000000000e+04
1.886500000000000000e+04
1.878500000000000000e+04
1.881000000000000000e+04
1.867500000000000000e+04
1.860200000000000000e+04
1.836500000000000000e+04
1.812800000000000000e+04
1.800200000000000000e+04
1.835100000000000000e+04
1.837000000000000000e+04
1.841600000000000000e+04
1.830300000000000000e+04
1.850600000000000000e+04
1.855200000000000000e+04
1.850700000000000000e+04
1.844800000000000000e+04
1.878900000000000000e+04
1.860500000000000000e+04
1.837800000000000000e+04
1.831300000000000000e+04
1.871200000000000000e+04
1.876600000000000000e+04
1.852000000000000000e+04
1.856700000000000000e+04
1.871200000000000000e+04
1.856000000000000000e+04
1.904400000000000000e+04
1.886900000000000000e+04
1.842700000000000000e+04
1.837600000000000000e+04
1.854000000000000000e+04
1.836200000000000000e+04
1.924300000000000000e+04
1.924000000000000000e+04
1.859100000000000000e+04
1.841900000000000000e+04
1.832600000000000000e+04
1.824100000000000000e+04
1.843600000000000000e+04
1.828700000000000000e+04
1.820600000000000000e+04
1.814000000000000000e+04
1.807800000000000000e+04
1.800700000000000000e+04
1.806400000000000000e+04
1.795800000000000000e+04
1.804600000000000000e+04
1.802100000000000000e+04
1.792600000000000000e+04
1.794200000000000000e+04
1.782800000000000000e+04
1.766000000000000000e+04
1.783100000000000000e+04
1.783200000000000000e+04
1.804400000000000000e+04
1.783900000000000000e+04
1.803300000000000000e+04
1.781800000000000000e+04
1.793800000000000000e+04
1.778200000000000000e+04
1.802200000000000000e+04
1.795600000000000000e+04
1.781900000000000000e+04
1.775300000000000000e+04
1.839000000000000000e+04
1.823500000000000000e+04
1.881000000000000000e+04
1.877800000000000000e+04
1.774200000000000000e+04
1.777600000000000000e+04
1.810900000000000000e+04
1.799500000000000000e+04
1.776300000000000000e+04
1.760500000000000000e+04
1.826400000000000000e+04
1.819800000000000000e+04
1.761800000000000000e+04
1.749900000000000000e+04
1.807400000000000000e+04
1.805900000000000000e+04
1.742200000000000000e+04
1.736600000000000000e+04
1.757300000000000000e+04
1.737300000000000000e+04
1.782100000000000000e+04
1.769200000000000000e+04
1.843900000000000000e+04
1.835200000000000000e+04
1.823400000000000000e+04
1.808200000000000000e+04
1.728300000000000000e+04
1.746500000000000000e+04
1.763900000000000000e+04
1.747700000000000000e+04
1.763500000000000000e+04
1.755300000000000000e+04
1.753100000000000000e+04
1.747300000000000000e+04
1.730200000000000000e+04
1.740400000000000000e+04
1.771400000000000000e+04
1.767700000000000000e+04
1.788000000000000000e+04
1.792100000000000000e+04
1.730300000000000000e+04
1.728100000000000000e+04
1.779900000000000000e+04
1.779400000000000000e+04
1.783700000000000000e+04
1.789800000000000000e+04
1.749500000000000000e+04
1.728900000000000000e+04
1.793000000000000000e+04
1.787100000000000000e+04
1.749800000000000000e+04
1.764000000000000000e+04
1.732600000000000000e+04
1.731300000000000000e+04
1.740300000000000000e+04
1.742600000000000000e+04
1.773800000000000000e+04
1.770900000000000000e+04
1.757600000000000000e+04
1.767100000000000000e+04
1.778600000000000000e+04
1.766000000000000000e+04
1.761500000000000000e+04
1.768200000000000000e+04
1.784900000000000000e+04
1.772100000000000000e+04
1.795900000000000000e+04
1.789800000000000000e+04
1.781200000000000000e+04
1.775200000000000000e+04
1.738200000000000000e+04
1.740500000000000000e+04
1.839700000000000000e+04
1.824800000000000000e+04
1.785200000000000000e+04
1.785000000000000000e+04
1.782800000000000000e+04
1.767000000000000000e+04
1.789800000000000000e+04
1.785600000000000000e+04
1.794100000000000000e+04
1.775300000000000000e+04
1.773200000000000000e+04
1.762900000000000000e+04
1.750700000000000000e+04
1.744800000000000000e+04
1.750500000000000000e+04
1.751000000000000000e+04
1.776400000000000000e+04
1.765600000000000000e+04
1.777700000000000000e+04
1.783400000000000000e+04
1.819000000000000000e+04
1.825000000000000000e+04
1.773000000000000000e+04
1.785400000000000000e+04
1.768400000000000000e+04
1.771500000000000000e+04
1.822600000000000000e+04
1.821700000000000000e+04
1.781500000000000000e+04
1.769200000000000000e+04
1.833800000000000000e+04
1.836700000000000000e+04
1.829500000000000000e+04
1.838000000000000000e+04
1.860900000000000000e+04
1.851900000000000000e+04
1.760100000000000000e+04
1.768100000000000000e+04
1.811200000000000000e+04
1.799200000000000000e+04
1.838400000000000000e+04
1.834200000000000000e+04
1.830600000000000000e+04
1.833900000000000000e+04
1.812400000000000000e+04
1.813900000000000000e+04
1.848600000000000000e+04
1.859300000000000000e+04
1.865600000000000000e+04
1.877000000000000000e+04
1.832500000000000000e+04
1.831600000000000000e+04
1.856300000000000000e+04
1.841000000000000000e+04
1.817100000000000000e+04
1.831100000000000000e+04
1.868300000000000000e+04
1.878200000000000000e+04
1.822300000000000000e+04
1.813500000000000000e+04
1.877000000000000000e+04
1.868900000000000000e+04
1.915000000000000000e+04
1.924200000000000000e+04
1.909400000000000000e+04
1.906500000000000000e+04
1.909200000000000000e+04
1.897200000000000000e+04
1.872800000000000000e+04
1.856700000000000000e+04
1.851300000000000000e+04
1.872900000000000000e+04
1.961000000000000000e+04
1.947500000000000000e+04
1.840900000000000000e+04
1.836800000000000000e+04
1.917600000000000000e+04
1.915400000000000000e+04
1.896700000000000000e+04
1.897700000000000000e+04
1.959800000000000000e+04
1.935700000000000000e+04
1.907200000000000000e+04
1.907100000000000000e+04
1.879100000000000000e+04
1.878600000000000000e+04
1.913100000000000000e+04
1.916000000000000000e+04
1.915000000000000000e+04
1.916100000000000000e+04
1.922400000000000000e+04
1.923600000000000000e+04
1.964600000000000000e+04
1.961300000000000000e+04
1.893500000000000000e+04
1.909800000000000000e+04
1.955800000000000000e+04
1.962600000000000000e+04
1.984900000000000000e+04
1.982300000000000000e+04
1.913400000000000000e+04
1.918500000000000000e+04
1.961200000000000000e+04
1.960000000000000000e+04
1.921600000000000000e+04
1.925400000000000000e+04
2.005200000000000000e+04
2.010300000000000000e+04
1.938800000000000000e+04
1.937100000000000000e+04
1.979500000000000000e+04
1.971300000000000000e+04
2.024300000000000000e+04
2.013800000000000000e+04
1.976500000000000000e+04
1.967700000000000000e+04
1.958000000000000000e+04
1.951800000000000000e+04
1.960400000000000000e+04
1.929600000000000000e+04
1.973000000000000000e+04
1.977500000000000000e+04
1.940600000000000000e+04
1.943100000000000000e+04
2.010700000000000000e+04
2.012300000000000000e+04
1.955000000000000000e+04
1.942300000000000000e+04
2.030300000000000000e+04
2.015900000000000000e+04
1.934400000000000000e+04
1.944700000000000000e+04
1.947200000000000000e+04
1.922800000000000000e+04
1.978500000000000000e+04
1.988500000000000000e+04
2.029600000000000000e+04
2.013800000000000000e+04
1.933700000000000000e+04
1.937400000000000000e+04
2.008500000000000000e+04
1.980100000000000000e+04
1.984400000000000000e+04
1.975200000000000000e+04
2.036100000000000000e+04
2.023700000000000000e+04
2.006500000000000000e+04
2.008200000000000000e+04
1.970500000000000000e+04
1.966300000000000000e+04
1.965500000000000000e+04
1.954700000000000000e+04
1.996500000000000000e+04
2.000200000000000000e+04
1.978400000000000000e+04
1.977200000000000000e+04
1.998700000000000000e+04
1.987500000000000000e+04
2.018700000000000000e+04
2.003300000000000000e+04
1.985000000000000000e+04
1.980900000000000000e+04
1.970300000000000000e+04
1.952900000000000000e+04
2.019200000000000000e+04
2.020400000000000000e+04
2.014500000000000000e+04
1.999500000000000000e+04
2.036800000000000000e+04
2.024700000000000000e+04
1.996300000000000000e+04
1.989000000000000000e+04
1.981500000000000000e+04
1.978300000000000000e+04
1.988100000000000000e+04
1.980100000000000000e+04
1.974700000000000000e+04
1.963500000000000000e+04
