    10.000      0.45565E-17
    10.900      0.10037E-15
    11.800      0.51197E-14
    12.700      0.21260E-12
    13.600      0.50278E-11
    14.500      0.93247E-09
    15.400      0.58666E-07
    16.300      0.82266E-06
    17.200      0.56692E-05
    18.100      0.34662E-04
    19.000      0.14810E-03
    19.900      0.50726E-03
    20.800      0.22026E-02
    21.700      0.62001E-02
    22.600      0.13887E-01
    23.500      0.32865E-01
    24.400      0.52366E-01
    25.300      0.85598E-01
    26.200      0.13073    
    27.100      0.17157    
    28.000      0.21825    
    28.900      0.28020    
    29.800      0.32289    
    30.700      0.35539    
    31.600      0.39165    
    32.500      0.43004    
    33.400      0.45399    
    34.300      0.47186    
    35.200      0.48522    
    36.100      0.49740    
    37.000      0.50584    
    37.900      0.51329    
    38.800      0.52004    
    39.700      0.52598    
    40.600      0.52732    
    41.500      0.47066    
    42.400      0.16357    
    43.300      0.37535E-01
    44.200      0.61911E-01
    45.100      0.96706E-01
    46.000      0.12832    
    46.900      0.12043    
    47.800      0.86280E-01
    48.700      0.63475E-01
    49.600      0.47412E-01
    50.500      0.34909E-01
    51.400      0.25104E-01
    52.300      0.16912E-01
    53.200      0.11154E-01
    54.100      0.83239E-02
    55.000      0.61442E-02
    55.900      0.44946E-02
    56.800      0.32541E-02
    57.700      0.22961E-02
    58.600      0.15312E-02
    59.500      0.99424E-03
    60.400      0.64082E-03
    61.300      0.46745E-03
    62.200      0.34840E-03
    63.100      0.25214E-03
    64.000      0.17784E-03
    64.900      0.12373E-03
    65.800      0.85233E-04
    66.700      0.60400E-04
    67.600      0.46283E-04
    68.500      0.36008E-04
    69.400      0.27932E-04
    70.300      0.21604E-04
    71.200      0.16661E-04
    72.100      0.12880E-04
    73.000      0.10221E-04
    73.900      0.84333E-05
    74.800      0.69978E-05
    75.700      0.57815E-05
    76.600      0.47083E-05
    77.500      0.37929E-05
    78.400      0.30636E-05
    79.300      0.24981E-05
    80.200      0.21487E-05
    81.100      0.18482E-05
    82.000      0.15918E-05
    82.900      0.13779E-05
    83.800      0.12037E-05
    84.700      0.10551E-05
    85.600      0.92494E-06
    86.500      0.88162E-06
    87.400      0.87047E-06
    88.300      0.87169E-06
    89.200      0.87292E-06
    90.100      0.87413E-06
    91.000      0.87532E-06
    91.900      0.87649E-06
    92.800      0.87765E-06
    93.700      0.95369E-06
    94.600      0.10653E-05
    95.500      0.12242E-05
    96.400      0.14030E-05
    97.300      0.16038E-05
    98.200      0.18286E-05
    99.100      0.20798E-05
    100.00      0.26208E-05